Initial matrix:
 0  1  2  3  4  5  6  7  8  9 10 11 12 13 14 15 16 17 18 19 20 21 22 23 24 25 26 27 28 29 30 31 32 33 34 35 36 37 38 39 40 41 42 43 44 45 46 47 48 49 50
 1  ∞ 92 23 52 58 43 67 76 51 41 93 24 45 78 43 86  6 61 96 18 95  7  8 17  8 19 36 40 75 40 62 93 68 95  9 22  3 62 71 88 19 24 68 77  5 58 65 58 42  1
 2 37  ∞ 49 12 58 52 12 18 27 49 54 96 69 87 58 69 36 76 55 78 78 28 95 83 91 24 79 73 44 76 58 62 77 46 13 98 47 99 28 65 77 41 75 15 74 30 59 53 93 67
 3 76 75  ∞  6 28 24 30 40 78 48 21 18 33 37 26 17 56 20 71 56 60 27 69 67 78 22 93 32 30 79 10 61 59 33 44 13 62 52 69 35 94 53 39 26  2 96 25 67 23 12
 4 74  1  2  ∞ 22 15  6 49 57 17  2 67 60 58 73 78 74  4 58 39 67  9 56 80 37 43 27 79  4 95 67 27 26  1 84 32 23 63 82 42 63 73 92 52  3 91  8 58 51 85
 5 83 24 84 57  ∞  3 88 11 55 14 43 75 51 77 74  8 90 20 28 16 33 84 64 49 54 52 17 84 25 62 51 55 68 15 44 21 30 52  7 60 10 94 22 72 99 19 71 96 22 41
 6  8 12 44 36 52  ∞ 18  5 30 26 13 50 29 97 46 97 29 79 49 12 18 95 68 81 59 47 30 49 82 79 98 41  1 15 43 54 44 77 55 58 28 60  2 38 51 89 84 13 79 91
 7 15 13 21 51 82  5  ∞ 94 71 46 71 36 19 56 73 77 71 54 81 45 70 58  3  7 39 28 84 98 29 77  3 51 62  8 61 20 29 78 51 89 19 37 24 68 96 19 45 68 72 32
 8 75  7 37 75 73 59 31  ∞ 15 46 91 83 44 37 89 28 22 44 14 45 26 60  6 91 67  7 63 89 48 71 83 30 29 73 15 59  2 56 39 33 42 90  9 63 81 39 40  7 35 64
 9 76 19 44 48 13 84 64 21  ∞ 50 79  3 41 91 74 58 49 87 25 72 94 61  1 14 20 88 35 58 99 17 62 95 18 57 41 97 81 68 13 52 61 15  2 65 19 98 90 92 10 26
10 19 91 95 68 83 58 27 53 14  ∞ 68 48 48 45 56 98 65 72 85 38 31 87 40 61 40 12 84 86 48 27 76 45 10 58 33 64 25 60 73 26 30 12 87 94 38 23 73 93 39  3
11  2 77 39 61 55 24  8 72 29 58  ∞ 11 40 43 34 70 25 17 17 35 15 82 83 62  3 42 84 94 90 43 18 44 74 44 18 67 46 36 34 18 96 98 81 96 32 10  5 96 76 27
12 24 99 46 94 72 71 47 46 31 61 79  ∞ 88 79 51  3 23 71 12 71 19 12 50 58 41 23 71 66  2 71 81 42 74 82 54 60 22 24 34 84 44 59 10 45 31 40 89 42 28 37
13 16 84 18 79 29 32 40 67  9 40 26 10  ∞  7  1 44 73 85 68 51 98 23 54  9 90 77 39 27 34  2 21 68 84 78  8 23 14 26  1 62 63 91 30 39 74 61 64 59 16 62
14 39 49 49 62 78 96 73 24 66  6 30 79 61  ∞ 56  1 69 51 67 51 72 65 79 15 49 70 47  3  1 32 99 98 70  3 62 80 19 10 96 43 35 13 37  2 74  8  6 89 35 12
15 54 14 77 92 62 71 62 83 65 89 18 13 37 77  ∞  3 18 16 62 30  2 13 43 69 68 76 27 42 59 85 38 41 98 12  3 69 37 32 38 28 63 37 41 15 47 20 67 40 11 54
16 85 97 98 60 20 44 42 49 43 52 70 30 54 13 52  ∞ 23 87 73 54 39 36 91  4 19 75 16 29 53 41 68  8 92 77 82  5 90 99 49 96 32 23 84 37 43 63 64 93 89 99
17 91 69 60 68 86 83 97 99  9 36 20 46 80 97 11 39  ∞ 64 99 77 84 16 21  7 35 49 26 50 86 83 59 44 77 87 24 43 92 73 92 57 67 62 35 72 58 20 68 96 84 62
18 41  3 60  3 19  2 42  3 19 58 98 50 77 44 73 24 10  ∞ 48 28 65 75 10 52 51 70  2 88 98  3 82 58 42 32 72 48 46 69  8 56 96 45 72 11 90 16 92 98 56 69
19 40 44 29  4  7 42 26 15 79 44 57 53 93 99 22 40 61 57  ∞ 36 31 76 82 67  3 30 65 85 83 61 49  9 62 55 16 37 36 88 66 22 15 78 39 50 32 10 17 99 89 53
20 42 46 82 14 42 70 92 32 72 87 32  2 58 18 59  6 80 67 94  ∞ 25 69 16 49 11 13 47 54 68 42 75 68 33 81 44 58 92 67 77 85 25 30 34 93 23 20 40 19  7 78
21 93 69 17 70 44 65 79 73 87 39 71 98 62 29 54 83 37 17 17 90  ∞ 59 36 26 27 17 41 89 63 28 38 20 68 91 58  5 25  1 62  7 88 45 95 36 86 59 99 85 41 92
22 91 52 67 56 83 32 48  6 30 13 41 14 77  3 34 77 19 46 63 25 29  ∞ 37 31 52 75  7 78 58 48 97 80 95 24 58 80 91  3 83 75 42 31 25 87 93 14 48 63 43  8
23 32 27 27 42 24 79 46 63 69 80 28 28  9 32 73 51 27 40 25 43 76 14  ∞ 45 16 25 22 53  6 21 10  9 18 12 52 78 49 93 79 80 61  8 54 23 94 60 91 78 17 57
24 95 78 83  7  4  6 26 13 67 94 35 72 72 36 45 24 86 64  2 18 77 82 72  ∞ 71 74  7 41 63 80 54 47 58 24 33 18 78 50 94  2 37 56 64 81 28 37  4 17 81  9
25 14 63 65 80  4 35 23 96 82 16 98 22 64  3 10 63 36 89 78 52 82 78 27 84  ∞ 82 55  4  2 99 97 96 44 79  7 65 17 76 85 80 24  7 38 22 41 30 36 42 22 53
26 14 30 71 63 96 18 99 47 17 57 65 94 28 72 92 70 19 38 85 54 55 16 81 44 56  ∞ 84 72  6 24 83 12 60 65 91 80 50 54 57 54 12 39 45 96 91 46 87 55 13 31
27 39 92 15 92  6  7 58 77 42 89 82 79 58 62 48 66  4 40 56 44 68 11 20  7 30 60  ∞ 39 33 68 66 98 69 55 15 90 46 29 99 18 13 11 49 21 76 43 53 62 41 80
28 55 25 83 63 67 74 91 23 59  9 60 36 39 72 84 76 58  8 94 48 25 91  3 71 40 60 22  ∞ 44 94 56 31 72 30 13 68 65 69 72 36 86 80  7 16 67 57 27 74 26 41
29  1 19 66  3 40 49  6 91 53 38 62  1 40 87  3 67 22 65 12 17 10 32 28 92 28 59  4 71  ∞ 34 71 42 47 59 86 11 41 85  3 33 19 96 84 40 55 22 27 92 24  8
30 29 69 76 44 97 55 67 25 93 93 21 73 46 21 96 67 23 91 77 56  9 64 74 80  8 52 68 52 76  ∞ 22 99 11 38 46  9 30 58  7 73 94 31 38 59 98 64 43 64 32 92
31 35  4 70 96 48 77 65 10 15 95 69 58 96 88 65 90 46 34 65  4 14 49 52  5 62 16 92 76  5 19  ∞ 61 58 67 81 61 35 78 30 70 75 96 40  6 47 69 87 58 99 32
32 26 13 71 11 24 51 91 82 66 76 11 11 24 47 34 95  9  6 84  6 77 62 60 73 35 78 97 42 77 99 84  ∞ 23 92 98 76 44 24 29 28 31 43  4 33 39  9 75 40 56 12
33 16 85 10 87 34 39 79 38 44 15  5 34 98 12 55 60 16  3 39 51 38 32 18  5 72 71 19 40 20 89 75  6  ∞ 82 34 70 33 79 95 10 36  5 73 95 28 57 69 37 48 85
34 57 86 34 73 58 60 10 54 76  9 20  4 46 70  4 20 54 35 38  7 90 27 69 73  8 80 60 70 14 20  3  8 81  ∞ 96 72 87 89 64 21 35 32 61 69 52 61 73 95 83  8
35  4 48 66 40 14 93 93 23 99 36 18 84 93 90 26 19 33 43 41 63 52 17 97 46 62 11 59 78 30 27 59 82 18  3  ∞ 87 62 28 46 55 93 20 53 98 59 55  6 43 54 75
36 25 81 91 49 90 78 83 65 19 30 12 87 59 91 82 61 11 69 63  8 22  8 94 26 41 83 99 60 42 74 57 35 42 68 21  ∞ 36 76 55 98 77 93 59 43 21 15 64  1 23 99
37 49 76 26  3 55 55 37 52 76 63 34 83 49 82 14 32 91 58 55 75  8 23 81 51 98 13 32 40 29 10 99 51 45 45 24 28  ∞ 12 59 49 29 75 43 97 32 86  1 70 77 13
38 94 34 67 42 74 11 71 18 75 45 56 50 40 21 40 75 14 39 54 43 51 89 75 24  3 61 58 19 76 51 88 44 82 94  9 86 60  ∞ 59 36 73 19 44 59 20 83 41 69 17 94
39 58 18 81 37 55 12 79 16 17 82  6 76 64 41  7 89 49 93 80 84 24 96 34 46 71 17 73 83 97 79 37  2 29 93 71 55 17  1  ∞ 42 28 49 69 31 89 87 80 47 68 65
40 26 61 35 14 47 18 67 13 77  5 11 37 10 66 21 75 93 82 31  9 41 61 85 29 52 76 94 39 17 28 45 46 16 73 69  4 35 50 85  ∞ 93 64 18 37 68 24 39 28 53 35
41 17 23 33 10 39 37 62 15 63 12 57 33 15 25 86 63 47 45 69 21 15 65 92 72 54 95 44 46 38 97 46 61 71 88 94 40 47 40 10 92  ∞ 74 61 62 62 10 50 43 35 60
42 71  8 12 50 74 50 29 26 27 30 83 77 67 49 35 34 54 45 29 23 86 41 26 13 27 44 91 62 11 72 59 72 19 21 78 30 80 64 79 74 29  ∞ 10  5 24 23 44 60 65 38
43 43 41 91 13 75 32 14  5 84 20 17 23 52 21 15 28  7 14 49  4 84 89 65 42 89 30 38 31 49 48 87 96 25 49 37 48 39 59 60 75 56  3  ∞ 22 85 79 84 78  3 56
44 80 34 56 74 96 72 43 34 51 10  8 55 74 95 88 88 72  5 93 34 45 40 96 18 26 67  1 25 87 97 96 95  8 90 48 23 26 12 42 57 30 90 70  ∞ 14  8 31 17 29 75
45 88  6 69 67 73 31 12 73 49 96 86 17 27 39 33 76 54 61 65 97 11 20 34 34  6 51 79 43 23 42 17 62 66 22 42 57 46 51 25 28 26 11 59 29  ∞ 92 49 75 98 79
46 20 84 36 86 34 45  5 37 42 70  4  6  1 53 92 26 64  4 48 43 42 53 88  6 70 88 98 16 59 16 38 76 44 88 81  6 96 52  5 62 72 59  2 35 56  ∞ 62 79 52 43
47 36 43 63 86 75 67 42 49 16 81 98 77 48 91 64 63 34 20 14  5 78 98 51 63  2 56 13 68 12 64  6 52 91 99 88 44 55 91  7 18 70 63 51 14  7 97  ∞ 32 85  1
48 25 58  6 35 39 34 26 66 11 99 92 53 50 89 91 17 89 71 94 15 91 45 39 94  9 12 42 12  3 39 41 55 67 35 62 23 33 88 17 47 64 62 29 86  9 41 11  ∞ 70 43
49 60 82 34 92 45 59 65 31 94 77 32  9 83  5 75 74 40 10 72 30 35  4 25 66 81 32 92 23 74 72 51 77 15 17 75  2 69 19 14 96 18 86 96 78 65 40 36 21  ∞ 59
50 74 45 66 96 50 87 91 16 71 19 86 22 55 76 11 71 72 19 12 46 84 73  8 48 10 40 15 74 10 61 31 70 90 71 23 14 57 72 46 23  3 77 65 10  5 53 45 85 99  ∞

Optimal path:
16 -> 36
36 -> 48
48 -> 3
3 -> 45
45 -> 2
2 -> 7
7 -> 31
31 -> 24
24 -> 19
19 -> 5
5 -> 6
6 -> 33
33 -> 18
18 -> 8
8 -> 26
26 -> 29
29 -> 4
4 -> 11
11 -> 1
1 -> 37
37 -> 47
47 -> 25
25 -> 14
14 -> 28
28 -> 23
23 -> 42
42 -> 44
44 -> 27
27 -> 17
17 -> 9
9 -> 43
43 -> 49
49 -> 22
22 -> 38
38 -> 35
35 -> 34
34 -> 15
15 -> 21
21 -> 40
40 -> 10
10 -> 50
50 -> 41
41 -> 46
46 -> 13
13 -> 30
30 -> 39
39 -> 32
32 -> 20
20 -> 12
12 -> 16

Total cost: 202

Search time: 114.53269267082214 seconds
